 255, 216, 255, 224,   0,  16,  74,  70,  73,  70,   0,   1,   1,   0,   0,   1,
   0,   1,   0,   0, 255, 219,   0, 132,   0,   8,   6,   6,   7,   6,   5,   8,
   7,   7,   7,   9,   9,   8,  10,  12,  20,  13,  12,  11,  11,  12,  25,  18,
  19,  15,  20,  29,  26,  31,  30,  29,  26,  28,  28,  32,  36,  46,  39,  32,
  34,  44,  35,  28,  28,  40,  55,  41,  44,  48,  49,  52,  52,  52,  31,  39,
  57,  61,  56,  50,  60,  46,  51,  52,  50,   1,   9,   9,   9,  12,  11,  12,
  24,  13,  13,  24,  50,  33,  28,  33,  50,  50,  50,  50,  50,  50,  50,  50,
  50,  50,  50,  50,  50,  50,  50,  50,  50,  50,  50,  50,  50,  50,  50,  50,
  50,  50,  50,  50,  50,  50,  50,  50,  50,  50,  50,  50,  50,  50,  50,  50,
  50,  50,  50,  50,  50,  50,  50,  50,  50,  50, 255, 192,   0,  17,   8,   0,
  48,   1,   0,   3,   1,  34,   0,   2,  17,   1,   3,  17,   1, 255, 196,   1,
 162,   0,   0,   1,   5,   1,   1,   1,   1,   1,   1,   0,   0,   0,   0,   0,
   0,   0,   0,   1,   2,   3,   4,   5,   6,   7,   8,   9,  10,  11,  16,   0,
   2,   1,   3,   3,   2,   4,   3,   5,   5,   4,   4,   0,   0,   1, 125,   1,
   2,   3,   0,   4,  17,   5,  18,  33,  49,  65,   6,  19,  81,  97,   7,  34,
 113,  20,  50, 129, 145, 161,   8,  35,  66, 177, 193,  21,  82, 209, 240,  36,
  51,  98, 114, 130,   9,  10,  22,  23,  24,  25,  26,  37,  38,  39,  40,  41,
  42,  52,  53,  54,  55,  56,  57,  58,  67,  68,  69,  70,  71,  72,  73,  74,
  83,  84,  85,  86,  87,  88,  89,  90,  99, 100, 101, 102, 103, 104, 105, 106,
 115, 116, 117, 118, 119, 120, 121, 122, 131, 132, 133, 134, 135, 136, 137, 138,
 146, 147, 148, 149, 150, 151, 152, 153, 154, 162, 163, 164, 165, 166, 167, 168,
 169, 170, 178, 179, 180, 181, 182, 183, 184, 185, 186, 194, 195, 196, 197, 198,
 199, 200, 201, 202, 210, 211, 212, 213, 214, 215, 216, 217, 218, 225, 226, 227,
 228, 229, 230, 231, 232, 233, 234, 241, 242, 243, 244, 245, 246, 247, 248, 249,
 250,   1,   0,   3,   1,   1,   1,   1,   1,   1,   1,   1,   1,   0,   0,   0,
   0,   0,   0,   1,   2,   3,   4,   5,   6,   7,   8,   9,  10,  11,  17,   0,
   2,   1,   2,   4,   4,   3,   4,   7,   5,   4,   4,   0,   1,   2, 119,   0,
   1,   2,   3,  17,   4,   5,  33,  49,   6,  18,  65,  81,   7,  97, 113,  19,
  34,  50, 129,   8,  20,  66, 145, 161, 177, 193,   9,  35,  51,  82, 240,  21,
  98, 114, 209,  10,  22,  36,  52, 225,  37, 241,  23,  24,  25,  26,  38,  39,
  40,  41,  42,  53,  54,  55,  56,  57,  58,  67,  68,  69,  70,  71,  72,  73,
  74,  83,  84,  85,  86,  87,  88,  89,  90,  99, 100, 101, 102, 103, 104, 105,
 106, 115, 116, 117, 118, 119, 120, 121, 122, 130, 131, 132, 133, 134, 135, 136,
 137, 138, 146, 147, 148, 149, 150, 151, 152, 153, 154, 162, 163, 164, 165, 166,
 167, 168, 169, 170, 178, 179, 180, 181, 182, 183, 184, 185, 186, 194, 195, 196,
 197, 198, 199, 200, 201, 202, 210, 211, 212, 213, 214, 215, 216, 217, 218, 226,
 227, 228, 229, 230, 231, 232, 233, 234, 242, 243, 244, 245, 246, 247, 248, 249,
 250, 255, 218,   0,  12,   3,   1,   0,   2,  17,   3,  17,   0,  63,   0, 242,
 229, 106, 126, 225,  81,  81,  72,  46,  74,  90, 141, 213,  13,  38, 104, 176,
 201, 179,  76, 166, 102, 151,  52,   5, 201,  49,  74,  56, 168, 233, 119,  80,
  34, 113,  83, 164, 156, 115,  84, 195,  26, 148,  84, 180,  52,  91,  18, 102,
 167, 137, 190, 108, 214, 120, 108,  26, 153, 100, 205, 102, 209, 162, 208, 218,
 142, 232, 131,  90, 118, 243, 231, 210, 185, 136, 228, 249, 185, 173,  56,  37,
  62, 181, 203,  56,  88, 247, 240, 120, 166, 111,  19, 184,  85, 123, 134, 194,
  84,  81,  93, 122, 212,  87,  50, 124, 213, 133, 143, 102, 120, 180, 233, 232,
  51, 117,  68, 212, 221, 222, 244, 194, 106, 210,  60, 201, 206, 224, 121, 164,
 205,  48, 181,  11, 205,  93, 142, 126,  98, 196, 127,  49,  21, 115, 111, 203,
  85, 237, 198,  26, 186,  13,  54, 200,  72, 185, 106,  92, 186, 150, 241,  17,
 167,  73, 201, 156,  45, 255,   0, 205,  63, 205, 233,  84,   8, 174, 211,  92,
 210, 209, 121,  93, 191, 149, 114,  19, 199, 179, 165, 119,  68, 249, 199,  83,
 153, 220, 128, 211,  40, 221,  73, 154, 178,  71, 125, 211, 154, 232,  52, 237,
  64,  70, 170,  13, 115, 217, 171, 118,  31,  53, 218,  47, 251,  85,  50,  87,
  53, 165,  85, 192, 244,  81,  59, 125, 155,  59, 122, 138, 227, 230,  98, 179,
  62, 122, 230, 187, 248,  99, 221, 100, 138,  20,  84,  23,  30,   9, 142, 231,
 247, 187, 136, 207, 165, 122,  14, 173,  63, 102, 181,  57, 220, 253, 235, 152,
 218, 119, 137, 146,  43,  79, 179, 200, 188, 214, 125, 220, 235, 121, 116, 210,
 173, 117,  22, 222,  25, 180, 181,  86,  12, 187, 154, 176, 245, 168, 162, 180,
 157,  68, 107, 138, 243, 220, 214, 232,  35,  43, 179, 135, 242, 233, 194,  60,
 246, 169,  87, 154, 152,  40, 166,  89,  72, 199, 237,  81, 249, 117, 167, 182,
 155, 229, 138,  46,  51,  51, 109,  24, 171, 237,  24, 166, 249,  98, 142,  97,
 216, 171, 182, 141, 149,  62,  57, 167, 165,  23,  36, 137,  34, 246, 169,  54,
 113,  86,  20, 113,  67,  84,  92, 210, 197,  66,  41, 213,  46,  42, 213, 141,
 145, 187, 186,  88, 147, 243, 199,  74, 119,  42,  17, 115, 151,  42,  40, 101,
 179, 222, 175,  91, 220,  30, 245, 161, 113, 164, 193, 110, 202, 166, 115,  33,
  63, 221, 237,  82, 127, 102,  91, 198, 161, 185,  99, 254, 213,  97,  41, 196,
 244, 169, 225,  43, 197, 144, 249, 158, 244, 253, 228, 243,  83, 172, 120, 254,
  21, 219, 238,  41, 130,  56, 203, 125, 204,  31, 246,  77,  97, 116, 119, 251,
  57, 144,  19,  76,  39,  53, 120, 105, 230,  92, 237, 110, 125,  26, 162, 183,
 177, 146,  98,  75, 102,  53,  30, 189, 254, 149,  68, 251,  26, 151, 181, 138,
 152,  61, 121, 219, 211,  53,  60,  43, 183, 235,  90, 240, 188, 107, 108, 108,
 182, 143,  32, 243, 147, 215,  53,  93,  45, 134, 227, 147, 211, 249, 211, 139,
 185, 142,  46,  18, 195, 238,  75,  99,  24,  50, 229, 186,  87,  81,  99, 180,
  67, 129, 192, 172,  84, 139, 236, 240, 143, 239, 176, 226, 159,  21, 205, 197,
 185, 206,  65, 170, 230,  31, 246,  61, 124,  93,  62, 110, 107,  23, 181,   8,
   4, 171,  92, 206, 163, 162, 110, 139,  42,  43, 127, 251,  77, 164,  60, 196,
 191, 133,  47, 218,  82,  65, 254, 175,  21,  74,  71,  27, 225, 252, 108,  15,
  49, 184, 182, 146,   6,  57,  21,  94, 189,  26, 125,  42, 206, 243, 239, 135,
  90, 204, 159, 194,  48, 225, 140,  55,  28, 227,  43, 158, 245, 178, 168,  57,
 101,  24, 168, 171, 180, 113, 153, 171,  86,  66,  79, 180,  71, 181,  73,  25,
 230, 165,  54, 187, 100,  40,  84, 135,  29, 171, 164, 209, 173,  67, 170,   4,
 143, 140, 250,  83, 115,  60, 217,  71, 151,  70, 117,  22, 151,  75, 228, 168,
  61, 171,  93, 117, 102, 242,  66, 230, 176,  86, 216, 199, 158,  58,  86, 149,
 181, 132, 215,  11, 145, 145, 248,  87,  53, 153, 199,  36, 216, 178, 220, 124,
 141,  92,  95, 137,  36,  59, 247,  87, 107, 127, 167,  73, 111, 111, 230,  19,
  92, 102, 172, 158, 108, 184,  53, 175,  47,  40, 224, 172, 206,  69,  94, 172,
 196, 212, 217,  34, 244,  21,  26, 252, 173,  90, 157,   5, 245, 230, 166,  72,
  12, 174,  35,  94, 166, 160, 132, 214, 174, 154, 193, 111, 163,  62, 244,  71,
  89,  88, 174, 130, 205, 225, 235, 180, 140, 176,  76, 138, 199, 154,   9,  99,
  56, 100,  34, 189, 162, 209,  34, 154, 221,  65,  11,  80, 221, 104,  54, 178,
 161,  38,  37,  60,  87, 165,  44,  10, 232, 103, 237,  15,  20,  56, 252, 105,
 203,  93, 134, 171, 225, 209,  20, 205, 178,  46,  43, 155, 185, 179,  54, 239,
 199, 221, 174,  58, 152, 105, 196, 171, 145,  10, 141, 205,  79,  12,  79,  49,
   1,  23,  53, 208, 219, 120, 118,  63, 179, 239, 185,   3, 167, 118, 172, 163,
  78, 230, 171, 153, 236, 142,  85,  65,  99, 129, 156, 214, 229, 160,  54, 176,
 176,  92, 249, 143, 213, 189,   5,  88,  58, 101, 181, 187,  51, 198, 163,  35,
 229,  24, 168, 151, 229, 235,  92, 149, 167, 208, 246, 112,  56,  73,  67, 223,
 146, 212,  69,  27, 219, 231, 167, 152, 219,  28,  30,  41, 234, 133, 155, 129,
  83, 149, 192, 228, 138, 228, 185, 237, 194, 143,  54, 172, 172,   9, 217, 138,
 147,   1,  62,  65, 247, 187, 212, 226,  37,   3, 118,  86, 165,  68, 181, 104,
 113, 151,  19,  30, 231, 238, 154,  46, 107,  28,  61, 136,  70, 123, 147, 138,
  82, 126,  94, 115,  74,  70,  14,  49, 138, 142,  67, 244, 168,  61,  38, 173,
   1, 164, 110, 231, 138, 191,  28, 145, 201,  46, 249,  83, 247, 155, 127,  10,
 163, 140, 246, 171, 150, 204,  25,  12, 115,  14,  63, 132, 154, 184, 179, 207,
 169,  78,  51, 213, 161, 183,  83, 103, 118,  91, 230, 168, 109, 174,  27, 253,
  91, 116, 237,  80, 204, 140, 178, 178, 182, 120, 169,  45, 130, 151,  10, 212,
  17, 204, 239, 114, 242,  40, 219, 154, 151, 110,  58, 213, 112, 216, 149, 151,
  32,  10, 188,  54, 150,  11,  90, 197, 157, 113, 173, 113, 162,  62, 230, 167,
 140,   5,  57, 255,   0, 199, 104,  11, 179, 134, 169, 113, 149, 197, 110,  18,
 101,  43, 187,   5, 212,  45, 110, 110,  77, 136, 113,  18,  23,  50,  15,  97,
  93, 167, 131, 116,  13,  62, 239,  73, 142, 104, 176, 115,  92, 195,  25, 124,
 189, 170,  88,  33, 234,  51,  93,   7, 130, 117, 120, 225, 149, 237, 124, 207,
 187,  39,  79,  78,  42, 160, 245,  62, 107,  53, 195,  47, 141,  29, 130, 120,
 114, 217,  50,  60, 186, 209,  77,  42, 218,  40, 240,  16,  10, 188, 135, 114,
   3,  73, 207, 106, 234,  62, 112, 231,  53, 173,  32,  75, 102, 224,  87, 157,
  94, 120,  78,  89, 103, 145, 177, 242, 215, 171, 222, 151,  19,  42, 255,   0,
   1,  53,  43,  91,  69, 246,  38, 249, 123,  84, 176, 146,  63, 255, 217,
